5561986587786
5521935786910
5511912386122
5551943980873
5581935728607
5567933879310
5531955136687
5561922191932
5511940885774
5541904967584
5585942687092
5521960501419
5511987500672
5521976739862
5561955395242
5581979065341
5561994989343
5585975230902
5541971770097
5531961886196
5561924783517
5561987782184
5562941088932
5521927893555
5581967057802
5551951205495
5561986567983
5521936914964
5541913405443
5561911867686
5581991419459
5531958235611
5562908327956
5561903050476
5561913003261
5567970997478
5567999040912
5585915732400
5562997158076
5562926001647
5531993690056
5581936105769
5567951068728
5541977045549
5531919840130
5551983157546
5585948130791
5521998537738
5541999534289
5561981490285
5567919850295
5541913009527
5581927349668
5521901045183
5585976382613
5561903187099
5551927748920
5562945724246
5531927287436
5531948280554
5567957838848
5541912108289
5521918996586
5585933871992
5585902117784
5551980046530
5521901899813
5562997619319
5561924816933
5551955997666
5511900552255
5531930867438
5581959147897
5541985964789
5521939748353
5561956602400
5561936753813
5521971761891
5562965254782
5581993724483
5561996602267
5581982005488
5567946564985
5551925015643
5561945722945
5567954465643
5551956159096
5551996892869
5562997028446
5541906974753
5541942283751
5562967206004
5585937893527
5521966039954
5531910064112
5585939163085
5561913499275
5511971672791
5585982052870
5567930177810
5581969334377
5531946764957
5551914961637
5541956969498
5562905246560
5531966717405
5561991464576
5551971491661
5562909989133
5541976636001
5567911509637
5531927278892
5581919690045
5581994121851
5551915021118
5511980944478
5511957996241
5561991071617
5581910068169
5531957662091
5531954730250
5585932803396
5511981894010
5511929819792
5567970569316
5562947473373
5531914471392
5581941263706
5521986784949
5561956905302
5562956890283
5585944407476
5567935458487
5541930779497
5521924629514
5521966802114
5585928622915
5551989753124
5531926385615
5511909932879
5562911119651
5561960862934
5531945055995
5521929027951
5581998007397
5541963511610
5567922485258
5562928614586
5551909525670
5541953324006
5521904727085
5551961952233
5551920920036
5511939044050
5511930383350
5511996171030
5561989707703
5531928262622
5551924175167
5541989567786
5567976850378
5567965671536
5585931339672
5541926162236
5562981382660
5521950578623
5541936958569
5531911801892
5511928138283
5511978086990
5561980180162
5561947198774
5567902647326
5551929937401
5511922749727
5561966763545
5567916082693
5585965706566
5541910349915
5511942826550
5521976810354
5567966073998
5541939546378
5521907407001
5541954107698
5567951617796
5531982987893
5585954360945
5581916790514
5581942815250
5561958805184
5541985278547
5551905346775
5541920545845
5511900831188
5511957627660
5511973606004
5561982904493
5562975428342
5561957717440
5551946273428
5511942576063
5562917150100
5567927947983
5567985335781
5541913490028
5567961349596
5581994093975
5581927151958
5541928529386
5567943677396
5581912695986
5562912787735
5562998187437
5585985448797
5541996249955
5551942733263
5581973441484
5581933541979
5511932193172
5581904773718
5551974121294
5567903420711
5541946355272
5551937790754
5551948672740
5562960646844
5581990233714
5521909955893
5567903758259
5567980868951
5581914739371
5567961249293
5581993375465
5585950621124
5562918094997
5585989018857
5561904875402
5561985263827
5567950960349
5561935184602
5531997739072
5531953793600
5585986948083
5511965689139
5531952611578
5567980276321
5581971186990
5521995983604
5551927546522
5541925678865
5511940741552
5531959065076
5521995030585
5531953695562
5567943124488
5541906993129
5531941130867
5581917859239
5511990284011
5585992873999
5585942486575
5531910637024
5521976310276
5551975554340
5551942416689
5531934829538
5567914959417
5551954260621
5585930754805
5541909603143
5511929662552
5567921538327
5511982279156
5551916033930
5567994477563
5562990265797
5511946713346
5585996295133
5561964577553
5511947869573
5541999472008
5511973982254
5585962932022
5541978818274
5562934891717
5551992977449
5541928123592
5531991744146
5541900005837
5585922910243
5567994174842
5585961269806
5551909878312
5541918389348
5531951568400
5541997283615
5551913657303
5567962728191
5581928296055
5581980222301
5562986767898
5561985378796
5585934855201
5581928906128
5531903658336
5562984592798
5562985322451
5567936335518
5541907632161
5551906996839
5521978202687
5581928326217
5521969262371
5561987317573
5551960797705
5521948085734
5541969509012
5531990079606
5521925501140
5551968772033
5561980479501
5521932983406
5521981038220
5541983442526
5561972337196
5581987264784
5561931193567
5521905879668
5531958071680
5562981215568
5561904550114
5581910629901
5567927409886
5541966473097
5541915964243
5567929757270
5531924494376
5511900292220
5585972353785
5511965207374
5562919227950
5562908566901
5581912267873
5585923248942
5551943769612
5541953757305
5551947462458
5585949572405
5567954977920
5531935664164
5511937823357
5551936963961
5551984941648
5581995733892
5561981368216
5511931937509
5562996613482
5567935782588
5531965164169
5511971896661
5511973363531
5511987233953
5551961386861
5511986074761
5541949333796
5561980477085
5581912565603
5551961477193
5567946116319
5541949589149
5561940177829
5511977618892
5521907288406
5561986478689
5581928688877
5511993934234
5562980893061
5567915626981
5585977377990
5521918491385
5562991635002
5562947554748
5521959227906
5581972492412
5521962407100
5562937133683
5551933909862
5521977724403
5562975399326
5521902013932
5531944850053
5581942813620
5541901109674
5585966370349
5561972769922
5561997652349
5562900712896
5562978649534
5521998487784
5581929505663
5541907916045
5585991376366
5585958526774
5541989612986
5561914315727
5541986125917
5521920955025
5581965113631
5531906865972
5521963302596
5511916572005
5531967535207
5521963927235
5511955493321
5562997662109
5531953178100
5585931574814
5521954774557
5561907700790
5551988197810
5561914835611
5551955636952
5541977039766
5585952703475
5531979590571
5561977667147
5562918744242
5585917885872
5561948016664
5585977935236
5511972487705
5521959947684
5585931543767
5531900662987
5562960742621
5511988065545
5567930241633
5541983585450
5531907244950
5581997461201
5531981238120
5511923930405
5541987422558
5551967244220
5511998415772
5581989352616
5562924120022
5551957817811
5567962284226
5561989391588
5551987648611
5511955954973
5581969772040
5511949444792
5585999192598
5531946298310
5581952404025
5561921268918
5562976760245
5551966222418
5541943028362
5581957645466
5521902650994
5567986729710
5511905525336
5531973318332
5531956957369
5581977496236
5567973998652
5551919990372
5551988445635
5541925092577
5581929290401
5585922332545
5585991826157
5521971269873
5581940688252
5521910508578
5521961292512
5551962227982
5581911040072
5585987333386
5581948754184
5531910524897
5531903220192
5521980621861
5561970500826
5562943762758
5585981033253
5541952204502
5531933860217
5521938693524
5541985710309
5531988524830
5561962430237
5511915697154
5531980507622
5551983161216
5561931651950
5567981832637
5567970233473
5531969369044
5551911773584
5581907752868
5521963854331
5585921511296
5567990271049
5562932706038
5551979769907
5521999767388
5567945971729
5551989236809
5541978720395
5581947168844
5541926168530
5581915035411
5561995430998
5561926426949
5531910767234
5521945437447
5541980230639
5581906707728
5551920365886
5567933946523
5567921982404
5567960020804
5581947603442
5581912141987
5562970511988
5581945357729
5511915425709
5581964182703
5567923307299
5511909385289
5562914133856
5585941932391
5562904660768
5521900794162
5561907688279
5581993687059
5551984467987
5511998098148
5531941185770
5551999953302
5531909242556
5561928906975
5561987982632
5521909949359
5581963954285
5521945624611
5561956315951
5567934466593
5561939638659
5541981386480
5541901999884
5541988716513
5562961777943
5521905305894
5531948556318
5585917167770
5581965492204
5561912591041
5567958427358
5521931553577
5511958790955
5581964202272
5562910498395
5581922796761
5531983844037
5531959499765
5521901584443
5531994315168
5511963453487
5531919927428
5567966918078
5562967558895
5561954539974
5511996904854
5521975385989
5581991209720
5562934865729
5581917608792
5561938526675
5541943039921
5541921364226
5521953495212
5521990156511
5561960881924
5562994884890
5562902498365
5541990999969
5561904066413
5585916186021
5567904658300
5551916267767
5521977853998
5511928092068
5541900711966
5541984117586
5561941569628
5585950014819
5511937704406
5581996176401
5541975661223
5561948092283
5581930176816
5521914459710
5511919682223
5567945576308
5567930388780
5541928891901
5585916578848
5585969380323
5521942740058
5581919872457
5581948915154
5585974705022
5562917635779
5551985056096
5551952490403
5585913140969
5551912799649
5541986895819
5531988470392
5551904822618
5567967168832
5531998466730
5567942598057
5585903820978
5567913717587
5551936579800
5561960731688
5585995021997
5521962914949
5551949064739
5541945956520
5511939556242
5511906632094
5541967161653
5511919158299
5551923193781
5541907652323
5561965287091
5521957944597
5581943093028
5531959129079
5521964844717
5567905604661
5561917575045
5585938147551
5581924203976
5581927771110
5521942912817
5581975300136
5581919858004
5551910402612
5561992115312
5567994118830
5531930337041
5561963676910
5585967071613
5531968919731
5551959802238
5531984553194
5551909752472
5531967658018
5567930803815
5581934782193
5561909837839
5511905111062
5581965491467
5521963783841
5531915514013
5562949680300
5561979476775
5562962011739
5562992467208
5581974140795
5567931205121
5561978744006
5562982062386
5511918231819
5585980191807
5567954890702
5541903570447
5511916626408
5567934183870
5511976920659
5562949018970
5581938467502
5521988891907
5521976467192
5585940141726
5531981005429
5581938529984
5521908526102
5581945059081
5567984923399
5561908773163
5567931274746
5541985978899
5581932250098
5567953217166
5531933735390
5581953077948
5567988425097
5561993914444
5562940820185
5521968619524
5585953447003
5521935369262
5567939196379
5562942686676
5521943289090
5561961162369
5531907938095
5585992186680
5551951618742
5562912963990
5561918464500
5561900995834
5581981810700
5581900759425
5551994126743
5551920572730
5541941791129
5541972325690
5562950959155
5551917894290
5521996907350
5561954088972
5562902894800
5531919038825
5561980216699
5531987113229
5561974218036
5562943245162
5521910708693
5581977062630
5521950021784
5561923018279
5551902910462
5585945551999
5531960913215
5585934812307
5521940305186
5585912042137
5511911139524
5561971224632
5567978732560
5561915513520
5561938427707
5541925132146
5511995638676
5521970486884
5541929642994
5521937308015
5581955282595
5531956311156
5531991795637
5551919931395
5551961896977
5581933720614
5531907699578
5561952516330
5511922390194
5581973734430
5567933038032
5562910740240
5567973415184
5585996323555
5541973273158
5521998229198
5562901880920
5561995728735
5551961740745
5541948318227
5511902268331
5561912137670
5567966134000
5567944958180
5561902140568
5585931781179
5531918513194
5581935038145
5511998995478
5531956201163
5567969156653
5567917418337
5562932554156
5562992890600
5531911001714
5541964210258
5511973892689
5567964155906
5567951894075
5585928131931
5567920707712
5521919221807
5567976715439
5585967300816
5567932314472
5511910595706
5567919008642
5531908997203
5562908433460
5561951668835
5521991130641
5562989028536
5585917012458
5585976037827
5567984293314
5551904296251
5541980979305
5521938555783
5541958859438
5561990476416
5531927451629
5531947181809
5581923736520
5561909239597
5551938349558
5521952426717
5581916848974
5585980156221
5531957322527
5561935590949
5567988178588
5562950942320
5511954146898
5551997653222
5585918599835
5521946582299
5521973234628
5511942940591
5581970405638
5551957412890
5581940133716
5541955382951
5567957493647
5567945079390
5511936930658
5561999312605
5581901298751
5561970021321
5521917142983
5531987675964
5581997050330
5561942426599
5521946907079
5511979280408
5541924729390
5551984624821
5567936498178
5551992673264
5511949626153
5585984769956
5561911177340
5521968666262
5562999503345
5561992666167
5551966771724
5531995012252
5541971333859
5531932664571
5531961213487
5581993420262
5567919471720
5521948943524
5585994034054
5541941101298
5561925779005
5567946036500
5511920408037
5551944403877
5541936632686
5581924516972
5567924275429
5541959039890
5562919625977
5521999236260
5521958059576
5585929908050
5541954521377
5561913469996
5585965794352
5562991654678
5562959581239
5551940346712
5511998906619
5531951009217
5581939514115
5581901661044
5585989809550
5531974022440
5562930134819
5531930916943
5531940480916
5511947418320
5562943521009
5562972517016
5551994318976
5511968905178
5561948961905
5511971426889
5551986256099
5567956341979
5585968338966
5531953562896
5531916792606
5541941903104
5551970033046
5531937086246
5551948439684
5581968685901
5581900553887
5581958614483
5567979466473
5585995327502
5561966858575
5511978901772
5511905173668
5521990772375
5551961893642
5562927965785
5585915322275
5585922491439
5511914453456
5561973891294
5511905807670
5585968728519
5531908231276
5561933921846
5581988797252
5541965550375
5562921226149
5511989235946
5551994686728
5561923686568
5562928029961
5562954862441
5561908543802
5567937017761
5567904507505
5585931798405
5511964195298
5551912111196
5562985782756
5551958710005
5511970917858
5567983923051
5511945976480
5551938893860
5511910340278
5531939724138
5585965014731
5521946208977
5531946720460
5561936230047
5551934616843
5551976753841
5541985110646
5585998161561
5551971359100
5541988470423
5551971157613
5541977661933
5541910338503
5567948877916
5585985124660
5562940350381
5567926403934
5562947882340
5562946827876
5567985271394
5541967243721
5567918625510
5551900642244
5531955729957
5541933845395
5541946816533
5551945056169
5581924302108
5521948550860
5561946187860
5551934447982
5541948736041
5585950189092
5551918529723
5551909885421
5521989981411
5521900956548
5567941057929
5551997246371
5581945763949
5562997575181
5511926883670
5551956560810
5541925792200
5585950666719
5521914081735
5581909136544
5521983001111
5511905973837
5585900830409
5562993929542
5541950407268
5511962317337
5581950085744
5551977818646
5581965242081
5521949062000
5531928257609
5531951963567
5567998375080
5585909499396
5531960898146
5562928202071
5561961298505
5561969019980
5585926697960
5585967218293
5567937567894
5561932897512
5581971747911
5581919862620
5562989181508
5561913411192
5511913919080
5567972863998
5511943845437
5567959399250
5551984880044
5541912571509
5541975617119
5562976162146
5562936557214
5561923949145
5521999730455
5521911700473
5511963265534
5567928137889
5531902474742
5511988845109
5511970711235
5585942072166
5562913141484
5551907651869
5551984884962
5511942564662
5581961773098
5585975645763
5521998912955
5585917464511
5511904905487
5551949675845
5562903544445
5562919674274
5521903748621
5581942307670
5585901437733
5567952711274
5531960625804
5521943294071
5521983666904
5561981401176
5581943061344
5551957414371
5521930083226
5567980701293
5561932862414
5511935625291
5551945234517
5562937156711
5531964528474
5567996073472
5511956137924
5531902091845
5581927502973
5561958871463
5521902152784
5562976811756
5567944503439
5511927022173
5551936891143
5511947876753
5561972511008
5531927291366
5551980143344
5561903657487
5521974421151
5511987928823
5561905045239
5567932688403
5511959417924
5521936323582
5561917416750
5562930964441
5541994385312
5562999799501
5561988325769
5581985508547
5541935010324
5567907225415
5541925576402
5581927891479
5581996581856
5581940691199
5531985532421
5585952409897
5511948144089
5511959432816
5511998167460
5561992270023
5562982056031
5567922277990
5567918575700
5581918573711
5581998786545
5531957204288
5521948193285
5551990872764
5521944047495
5561940800483
5581985545664
5581985147474
5585962557372
5551980891848
5541951554466
5551905314218
5567989761179
5521989108194
5585954638977
5567968281179
5551922258531
5541975811048
5561970733164
5585940991962
5541960753520
5561988136421
5581968314463
5581960639797
5562917092315
5541982866819
5561928091693
5531965893541
5562980809290
5581948741990
5585944141898
5531961928926
5551972619226
5511937796114
5567976352060
5581997229444
5562958036251
5567930257063
5567931476339
5551930415134
5585947414195
5531928394341
5561955241493
5562959284650
5541962375622
5585948698739
5561904672132
5551939273464
5562955438328
5541945280083
5581955197490
5521981604021
5561966933475
5561979117309
5551929995274
5511906035652
5551961510431
5562914066234
5531982287320
5541949973414
5581969595029
5521960037768
5562937050356
5567964261584
5581932180455
5561904426674
5581979470051
5562994153699
5531914119695
5541951763746
5585964636884
5581925336182
5567937358995
5531967479571
5551986679924
5581918414582
5551907841781
5562955973964
5585983349234
5531932748458
5521904990785
5581926393837
5541914036729
5511914514339
5531980096612
5585945998304
5521948945834
5561907159519
5521988788734
5521978279819
5562903155102
5561913679273
5511927674012
5567991356768
5581990812669
5541941241370
5521969766604
5585904776324
5567912535079
5551958978877
5561900311613
5562915149293
5567982287327
5567972964930
5531962829450
5551946519848
5541903106704
5567969320655
5561978566896
5521982308831
5531921495361
5585907482261
5541990408310
5567926662612
5521978883107
5581993353557
5562929254988
5581906020636
5567977862124
5551954561223
5511985948029
5531977989832
5541976729134
5551915320665
5562945613117
5562932759891
5562923071438
5551942476096
5561983023299
5551904439382
5585997773519
5551942153286
5562984396532
5581902419102
5562913534567
5521982839070
5562948558978
5581974950802
5567910352492
5541901956656
5521953001459
5551960472517
5562929559150
5541923623264
5585983727232
5585988504010
5511986066975
5585916438714
5531904427521
5585943371363
5551975501320
5521969677560
5531905782889
5585920695495
5541947983934
5541973200364
5561911353220
5551918751708
5531941083030
5585926626716
5562983748750
5541993185389
5567911743810
5531951440261
5561955868977
5562936710455
5561982646716
5581950890797
5585974341899
5561976261710
5581958831531
5521910251625
5511995329105
5567904761902
5561993789177
5551943569659
5585975649897
5521922988126
5531994513196
5585987888451
5531953513233
5551967416123
5551994025876
5531925978982
5561914104579
5562911435207
5531978503917
5521914513669
5531909631055
5562938082558
5521911175720
5567914808555
5531906581765
5567980694448
5585982539757
5581900634982
5562915521082
5511921224607
5541927821052
5521937190677
5561957709436
5581968392645
5561953182061
5551976028789
5551988460365
5562955583698
5567976607202
5511934574729
5521914023439
5521964083119
5567920456888
5561946456871
5521952961669
5585934965055
5585990935104
5585935431027
5541952567059
5562909523730
5567941479025
5581935374676
5551977163409
5561986279267
5511936012799
5561966289918
5531968980552
5567951323449
5567997915517
5541912394744
5562933573825
5531922124924
5541921282783
5585952870195
5511958141565
5531969527209
5531928179022
5511969755017
5562971899962
5531972277930
5581947879327
5581959407713
5581926705706
5551966870957
5531968244031
5531904456694
5521912597144
5561928132855
5581937783741
5551935327688
5531906838947
5581903881440
5541931127239
5581965476096
5561968271655
5562981921941
5541978893080
5562967320532
5561960713537
5562924463330
5521952258677
5562953142332
5541944920345
5585984825969
5567923752013
5581995807900
5567949434758
5521974338160
5541952270488
5585993500169
5521917134712
5551921336440
5521919958271
5521994268892
5561927223910
5551903750171
5521927973180
5562975549620
5581928049747
5581974597015
5581981542271
5551945587585
5511941430044
5561919574664
5541958250510
5521968038798
5561940866044
5531951914092
5511992481844
5561992290539
5551983255974
5511904768668
5581982644224
5531997226585
5511936270031
5567996254756
5551976386550
5581965517302
5511989277926
5581979388320
5511984324587
5551900808199
5567958032812
5551932794257
5511904835502
5531943385852
5581916765924
5551995321102
5511916041348
5562949442860
5551994499288
5567940364947
5551961551052
5581973765873
5531969938555
5551928463859
5567996730376
5511907393657
5562947443242
5581997399334
5562987155769
5567924698189
5511922248864
5581999395270
5541908305627
5551991352981
5585958992132
5521988037375
5541990384356
5585995283015
5567934565568
5551956260808
5561985151979
5561919548707
5531906877196
5581977434456
5562918105770
5567995949953
5585981311579
5521970511773
5541902913509
5562941448695
5561956875626
5567911884023
5585990743293
5585926204185
5531972288223
5562946669580
5562949027180
5581981380835
5551932633876
5567985812642
5541900406154
5561946112727
5581987873021
5561943256079
5562951923610
5531955786755
5521979869358
5521964779904
5541926369532
5581959728730
5581977086597
5562942830900
5581934664081
5561958049419
5585950962756
5521973678410
5541922952662
5521981861064
5562926922684
5567956438093
5521966511345
5562970680319
5541926200218
5531935512261
5531932587447
5561970655016
5561962825376
5531941981691
5531982358605
5562908878114
5551971761224
5567980121825
5511920217394
5521988815343
5531964578485
5561982639872
5541985915689
5521981448759
5567994562262
5531904570695
5562926746317
5531902831161
5561992416207
5551997595684
5585985585803
5567976039000
5541981251793
5581959053893
5581941460432
5531924865310
5531929586998
5567969914691
5561937434047
5521913207380
5581969788065
5541990631163
5531997862009
5551953609288
5551983075966
5531921063802
5585944978863
5521964575180
5551989257207
5562993374382
5541932724808
5521939039958
5541909562648
5541910020425
5551947622264
5551974041159
5561924710310
5541971062539
5585961821507
5521978383510
5562950901885
5521991967931
5511986786511
5581952573341
5511955049861
5567982653868
5521922208857
5581983332290
5531943562191
5541945694211
5511925258841
5551977290117
5541957718635
5585916531938
5541947039294
5551910727668
5585997001652
5585992218108
5561903407459
5567944621597
5561935642000
5585949897308
5511973526940
5567971905548
5551967386798
5541982594301
5541951630568
5551974627987
5567956153328
5551993773078
5562907647359
5567948506140
5585965101079
5541920800671
5511927141612
5561961252561
5521914688057
5562956286421
5567918792546
5551904526654
5581940182849
5531913266301
5551993457468
5585928949015
5541900261093
5541956613395
5511923465069
5585960105432
5581986264367
5511990430536
5541978278296
5561937647750
5562979726437
5585931515709
5567968358092
5562958253440
5561937561767
5562956442989
5541989492787
5585963874280
5541967928593
5551970950310
5531975687398
5561936563993
5562930136215
5551948693041
5521906587783
5561996445267
5585903123655
5521963437611
5541946307152
5551928357473
5531978189680
5521979166163
5562978560483
5551977370148
5511943671533
5561905857455
5581936250204
5531902994232
5567952481045
5531984516430
5511915216218
5521962754423
5585985719535
5511911767743
5551996891803
5585934894852
5541973269268
5521913121118
5541996475488
5531979512017
5561910614648
5531912816041
5521951282507
5541996454824
5567997945506
5567919923392
5541932931628
5541949363452
5585988357533
5561915815512
5561913912993
5531907468288
5561984604350
5511963375251
5562957941743
5562997836608
5585991151686
5561983519824
5521945031484
5585957405771
5541953894308
5551912605570
5561934925316
5531987792324
5585998738144
5561979674943
5511976547813
5531917577572
5531937812984
5551971785368
5541998283351
5531959650437
5531904443474
5581904303905
5531949512794
5567952388005
5551901096604
5521981582281
5561946069158
5561910106181
5531910927000
5581968944781
5581923259834
5551928870369
5511993166549
5581983323358
5541980450908
5541909481306
5562970643333
5541937770470
5521970502254
5585933818010
5511943028868
5541960862144
5562988223702
5531926251728
5585931316741
5585937533397
5531929047004
5562960074652
5521914455111
5562941243408
5541987430153
5551972960926
5561999343142
5561986723895
5531971309985
5511976570623
5561965579151
5562941054692
5561955270426
5521954603089
5585939411022
5585935489517
5561925827676
5541918050087
5541919514468
5541945922124
5551932157878
5531979727502
5585986506937
5567928643301
5531950188803
5531930475091
5521953335891
5581956289253
5567990992007
5581951199027
5531934262222
5567978482177
5511923888635
5531976403913
5581989592002
5521905608916
5581985829938
5541989781253
5561966288934
5511976780730
5531929828342
5511990474816
5581998960828
5511969135049
5511999863640
5541941497623
5511977299507
5585917081226
5561904708357
5531913704217
5551943653036
5567939652939
5511907368737
5585945261559
5551922190417
5531966796953
5541984458282
5551922135682
5581908506726
5551992742747
5511983752730
5567904306000
5521930094866
5521980549473
5567935682025
5551935917859
5562940050718
5511966777352
5541964596335
5562909844891
5521915967120
5521980826160
5567913832083
5521932722429
5581950072396
5531950690237
5551954159967
5567938838258
5551934862783
5541910050035
5541912479250
5581939891215
5561959215706
5562950635360
5531902693304
5511928325132
5562995131067
5521905723582
5511957075256
5531943395897
5511908890800
5581901752969
5531979161888
5521974243048
5551974472325
5585927248289
5581901036221
5585963866783
5511992079452
5531974980097
5521971146347
5581925764658
5561962913482
5581997479194
5511985758294
5562935138910
5531942041230
5521964527380
5531916148696
5567948472523
5531901518705
5511934546259
5585915109345
5541973657142
5581908173697
5581939135272
5521968113016
5551927324802
5562932229195
5567989074850
5581948538271
5581972233868
5511996643546
5561925656284
5561941403348
5581993238870
5585917423313
5561991968338
5541987269024
5581919600716
5541998178620
5585996139289
5541947501157
5567931597656
5561903061744
5551963771567
5567982022140
5551901961739
5531944064941
5562993465130
5567992287369
5531928967804
5521966115579
5521995971530
5531902779207
5567974046553
5561940215090
5541922202968
5521955770427
5562988028187
5585927234460
5562972700513
5521994821505
5531922254692
5521948851220
5581914751693
5531955444938
5585997089632
5511927885040
5585944108759
5531951603696
5551978756358
5585954090231
5551956109533
5541958655682
5551993036736
5521921489522
5551939275933
5581966588975
5585952967161
5521951431240
5562922511771
5551996527466
5511985105242
5531919848249
5521914117792
5541918212311
5562974549740
5561905163135
5581903310833
5581966028373
5531911510383
5562945845825
5567972217838
5521962189402
5581936322963
5511991182835
5567947709133
5585993041386
5541937131249
5551987123381
5541983098559
5567942990543
5551961577267
5561907708764
5567958269403
5551997543562
5541933827671
5531949660961
5511965666792
5567957978113
5561907292009
5551980435284
5567967735610
5521966712214
5541933586914
5585943615657
5561959316282
5541966301636
5531901616584
5511990520464
5511991288602
5551998702424
5561946437597
5585909621520
5581976122727
5541981954817
5581904985714
5511916401125
5551942894889
5551927328673
5511984644717
5585949272728
5521920011191
5567969588388
5562927177346
5531916080300
5561933775745
5585923808510
5541905202368
5562999527991
5561908736019
5521926938739
5581941686330
5551928240922
5551959738978
5567901914646
5521965591103
5551968188112
5521959098758
5562921665052
5562921681725
5511919944918
5541955834530
5562973174199
5581910574775
5562998145128
5511990754282
5551988131980
5521985310269
5561973527156
5567905370463
5511983320878
5567994287532
5567961611878
5561970665772
5561931493359
5567973768523
5581986408778
5541919563671
5562983532894
5581912802435
5511991237399
5541909573085
5521979055678
5562901454998
5561971417464
5511941509948
5585919090484
5541931004490
5581903482551
5541929439307
5511961626408
5562947299779
5585990158621
5567914145427
5511920292294
5521921720590
5541988433117
5551959893954
5531939464459
5561934011062
5551906419958
5585971718470
5511908116527
5541917120878
5585997696500
5581930793207
5585946883702
5531979012710
5551903302594
5521985133675
5585904154337
5581905501221
5531988810870
5585992194375
5567960164224
5551911241137
5531968133973
5567956837232
5567983212994
5581938624995
5511903571312
5562930190249
5531925211731
5541919731749
5521922464956
5551998693521
5581919123924
5541959013938
5551962414222
5531976601899
5541998954539
5581958756121
5541902546188
5562962645594
5581993516881
5561985018034
5541925358269
5562952234318
5567910758197
5562979165245
5541976421658
5521975253233
5567982159406
5585910019499
5511964063414
5531922794147
5531969535382
5561932960551
5541993393539
5541944878756
5531952904007
5541937314362
5585984928288
5567909670190
5567940626894
5585921351204
5585977539638
5581964491721
5581904326730
5581954556720
5551989720058
5531966375654
5511931231879
5511937975825
5541985737811
5521906562815
5581959815447
5561958126289
5531955438734
5581983404476
5562935952573
5561974082773
5561974997515
5581933487904
5521916121296
5567946594914
5541999017487
5511981710519
5581976830660
5567965792104
5541950661057
5581929621328
5531985466430
5511931881697
5562904209801
5531914492087
5561968625725
5541972318725
5567952349895
5531981756580
5531913205609
5581943595010
5541929709034
5551908858575
5541918244437
5551948744311
5511904175251
5585909417982
5511986297271
5567902769106
5585974415505
5562939520516
5567910803208
5562976563908
5581913696375
5567949914244
5585961603860
5521961130978
5511980541221
5521927599283
5585909994481
5541939258791
5585931330156
5581982664338
5531925247545
5585972256007
5541926720984
5562977596264
5562901093377
5511956447583
5521923121422
5562944442030
5521944267549
5567943742569
5551930598668
5531938459771
5562948388122
5521970175896
5567962860485
5511959712746
5585921274464
5561937609515
5531928501380
5567904454420
5551959107589
5521922853666
5567973916162
5562997619086
5585978655058
5562902143015
5562935372956
5581917859788
5551981995995
5561950282773
5585937693180
5511994804317
5521992133033
5541924648481
5561996309665
5562974955627
5551900580617
5585947569629
5551906846417
5561942951320
5561998511280
5585926794148
5521919854860
5561924181097
5561914827330
5561985361986
5561993089279
5585989326080
5581906848288
5521948823803
5567919341241
5562917814385
5541950413131
5567985590576
5511961772600
5551902909612
5551929070057
5581909720844
5511995743858
5585949428691
5551926566020
5581925864873
5541937329772
5541995124232
5531996917060
5562901942706
5581935963446
5521918934181
5581991544285
5531974868123
5567900687230
5581931401034
5562980250589
5511921545875
5581984551048
5511962730973
5585987710839
5567956368992
5581995568760
5585956161376
5585935092048
5541906624187
5562903697978
5521907304826
5581965640370
5531904212687
5561952583420
5585934768707
5562987877217
5567914166419
5581998559034
5551910322721
5581924587117
5551961715135
5581906032088
5541900940768
5551951700639
5581949570252
5511940403652
5561945738763
5567903269789
5581911337718
5551971651324
5585996824061
5551935173711
5551974643785
5561998852679
5541973461617
5511926038396
5567975033809
5521934168991
5551905407609
5521962918098
5581950873765
5531993521835
5561985903950
5581910390175
5581924590909
5561958938397
5511999048405
5541911620015
5531941094520
5521962675009
5511946358011
5511942806494
5561921519336
5531961115927
5581991820987
5541975319019
5551966911210
5521974868419
5551916413020
5541929560115
5581954581118
5561925147238
5567981922021
5521923099265
5581906714556
5531960981079
5531906356892
5511935734954
5541972375020
5551997894134
5581940011456
5567962260964
5551983774712
5585917489066
5551947515560
5531957331226
5567935392228
5581911791415
5585914816652
5562994026663
5562962648864
5562911744144
5567937269209
5511933552885
5581996614626
5567954488716
5562906523709
5567982280735
5521981945540
5531996374277
5511920785317
5551954887291
5585991141031
5581981681666
5521902383625
5562951898449
5541981210353
5585980026337
5541912120837
5561971538045
5562940104903
5551997622584
5567920426481
5561901355108
5567983647173
5561985485107
5562937023597
5581935058197
5511903131035
5511952152807
5581933483237
5551966637951
5581913368134
5531986145779
5541973786511
5567962414476
5511948120545
5541984119128
5541977264862
5531934652160
5531971236666
5531951088583
5551958175878
5531945471818
5585981795578
5581920429744
5581951343005
5562926688614
5531934619571
5521910832421
5531990033765
5511976919104
5521904481768
5581914795791
5567941721426
5531987709328
5551939041137
5581925314900
5561937910576
5531996029923
5551976450721
5541945681928
5521961421265
5561979607007
5541972342480
5585924231067
5531947031713
5585996110215
5531906177052
5541957528268
5511905356795
5585952140465
5562929379727
5585900193101
5567903507539
5531919292860
5511992631731
5562910267055
5561953777481
5581912863534
5551990776093
5531912631988
5511920908535
5531960999368
5511933268830
5551983300065
5551985066145
5567911386185
5541952096900
5581997669740
5541961792507
5531971759372
5521919071384
5511918949784
5581937810406
5561943395680
5511992221302
5567900073747
5521913864770
5531936317852
5541947104507
5585911430905
5521979733202
5511919069683
5585915462513
5585907948076
5561951590241
5511952018750
5585948949268
5585988970510
5531930537580
5551981009732
5551969999504
5521924284906
5531987764639
5585907439472
5585998941471
5561939501249
5531986400067
5541962669839
5581961832522
5562913082627
5551924212771
5511930201834
5567918428788
5521960280413
5541937276616
5531916459301
5541936037566
5551972069664
5521955183459
5541948985762
5521902459041
5567974671269
5585914707617
5531963313624
5562921537916
5562969580930
5585925413742
5531966131563
5581916843466
5567963271608
5561978557502
5511950235669
5531989356259
5581954974157
5581999624200
5541965755739
5567929190367
5561949745519
5561916147062
5551901934353
5521935238936
5551926566749
5562906283041
5585991934398
5541939761208
5531929069234
5561986834414
5521952836874
5562992608136
5551980987445
5567923165312
5581964944449
5551912043497
5551942491221
5581995081868
5581931217686
5521938954449
5531960975000
5531961845508
5562936049415
5581936601792
5585905716593
5562973314134
5521991283491
5561979410919
5511999259545
5541934616255
5531936943593
5581970950771
5531900077253
5585948873492
5581945081469
5541910976481
5521911464382
5561950385368
5541970522980
5562953403542
5561920421078
5511991587161
5562982623908
5531922355733
5541945576276
5551952282053
5541948175307
5521915601926
5581901782727
5511976376554
5562935853760
5521986643870
5567988230164
5567999780494
5511975317134
5581996328685
5531961636688
5561944970827
5585907070465
5521900121250
5562910745500
5521910998023
5521978843114
5567932374358
5561936792105
5521971444460
5561980755590
5541933707496
5585966973796
5531942612904
5531935383313
5511921169571
5551997642859
5585991910593
5511987515760
5581992707895
5581988284740
5521912330053
5521944033352
5541936184254
5585944752286
5521956911001
5581919487040
5551970087086
5541972247557
5585905644386
5511919916751
5531908168809
5567913555724
5585987082580
5541918328530
5581913338003
5585990669398
5531981673449
5567915895334
5581989577593
5585958830592
5561969305356
5567983496365
5521952880160
5531969889962
5541971975485
5581985494204
5562904955640
5541901056698
5561955498195
5531988474563
5562972306438
5511943052026
5562933342739
5521927606989
5511996088166
5541916653961
5581919011375
5567935770723
5511910280290
5581905086385
5561997188811
5551950627936
5585954493317
5561912521268
5541933874262
5581932550845
5567902901348
5541901634065
5561900531048
5521973100943
5567958315367
5561901736128
5531931614940
5567990389943
5567954727911
5585957902939
5581981160005
5581993956040
5562923425367
5561929061948
5541961366215
5561982170294
5511947543629
5585944811424
5561917201683
5551936473417
5541966639538
5561974772651
5561960649713
5541976835668
5567918082169
5567906651754
5541908307365
5511944516091
5531975775868
5551909549578
5531955372007
5541996771576
5581982770299
5561987601050
5561968183122
5511964856719
5511912675304
5521905354118
5551988935132
5521993034269
5551962018324
5541947982570
5541925453739
5531966918836
5531953972853
5581910661428
5521998338498
5511906985007
5551976343747
5581955668432
5531979382431
5562993698678
5551999151998
5561909305339
5561944864307
5585980410063
5541966955494
5511923831516
5511980638229
5585948325091
5585925782972
5561915820193
5551980959446
5531935068078
5585988659685
5531958740499
5585977047978
5541918766481
5562960573902
5567984755420
5567907747178
5562986725940
5511934005088
5521941524590
5541925679712
5562936771749
5561937672874
5562970394374
5541989826429
5567907984655
5521986682855
5585910945069
5531915393560
5585994517891
5581999129114
5562929229430
5581939334451
5585958683493
5567927434545
5567937659391
5567939098449
5531913941944
5562901193270
5581970916061
5551981882251
5551923176486
5567992249196
5511999426043
5567952502022
5541962149016
5562917309025
5531903977741
5561901579280
5562933152802
5581926346978
5581947329687
5531929441088
5562927574097
5531987579737
5585976183842
5585923140827
5521915249824
5531942507177
5531994705770
5585939029220
5531976865576
5521924061785
5531972949442
5541965598014
5567915113414
5585916762719
5562905100915
5581906383929
5585932054245
5561979486705
5585900940054
5541945918872
5562981898692
5581979687009
5562931499128
5581974218132
5581993497783
5551910757464
5581972701492
5541990869164
5581949762812
5521933555651
5521996546062
5562975013993
5511957489326
5585908822718
5561969004204
5581993253327
5585974810980
5551964835685
5541976553668
5561948934890
5581959129014
5511974265434
5551959692326
5562954896127
5531925874203
5561920521115
5551972451113
5551951766064
5581991628618
5521943611582
5551982218132
5521934188039
5511939735891
5511925716986
5511931629943
5531943199122
5511901446860
5585936435253
5511921544498
5562998783852
5585901082780
5531966949029
5581992094881
5561988274461
5562995314406
5551922679837
5521973087962
5567922149618
5561968078041
5551995069910
5521980783535
5511946246298
5567952686994
5567967986911
5581969201454
5567950412626
5531946626803
5567967730717
5562999226578
5511900823759
5531952345951
5521995415858
5541961382200
5551941242153
5511928084995
5567952402966
5541900751100
5561945239364
5541939638236
5562977168647
5521914453158
5511957640919
5561941840809
5567962689630
5511936394190
5585952030758
5581979825277
5551975778191
5567917696252
5531974287787
5561969031042
5585978037843
5531911864052
5561928928504
5531909660256
5541995487186
5562912258756
5521975777196
5585907092325
5562946958870
5581910358389
5561916780647
5562938378604
5521948755553
5511954760992
5551907742916
5531909818163
5561909740657
5541982212944
5531908081228
5511997774434
5521981963527
5531911430537
5562931528766
5551957648583
5562907162886
5511922979917
5581984116962
5562965747529
5567910970688
5531924428694
5581962874752
5551919375455
5585918872889
5541935690989
5531918695977
5562910487638
5562950705760
5581981818253
5581998992931
5585925697332
5531963087115
5511952956464
5562972810087
5581936390948
5561959943858
5521911020215
5561964233961
5581973256311
5567946804635
5567956446328
5511989571981
5541961388637
5567931346553
5567936413808
5531923711265
5561951425709
5541916223869
5531949332322
5531902852836
5531922176039
5511910862555
5562979747499
5562994704982
5585911786930
5581900482592
5567983994811
5551986850434
5551902187784
5581981117082
5585946692907
5511992401165
5541964336957
5541913513682
5551929296172
5511963884866
5521951421823
5521956333032
5541970066574
5531991383136
5567962132190
5531995376483
5567906849163
5581965122287
5581940725530
5521951672455
5561957974725
5511973634675
5585968780359
5581932669594
5567991319086
5567922913805
5531928870132
5561973395996
5551987693860
5581956394754
5585973750197
5562973144685
5561993718943
5511940961666
5561935262938
5581972054722
5541950604586
5551970979956
5551909827277
5562994454038
5531974284160
5521944943402
5567935363015
5551962008771
5521903578885
5511964698430
5562960170612
5562929602518
5521951167677
5581927188993
5567940027291
5562994905285
5585914461534
5511954463942
5541956140629
5561905501425
5562917940208
5561907871481
5567999982610
5541943683991
5541974249097
5511956641944
5562953795754
5561970678051
5562902773718
5561947747527
5585919786674
5511978792654
5567980871684
5551914804823
5521969539326
5531949902915
5567932464857
5521914989035
5531926306454
5521909981161
5511977020691
5521978720832
5521983994987
5521935926384
5531916493716
5585923121090
5585904183065
5562916186044
5521925165453
5541994418965
5531976329105
5581987017366
5561970871113
5541929885025
5511948205175
5567952684716
5585964628119
5531942791722
5561965043322
5567983085369
5531932961066
5521953076313
5585912992935
5541991411395
5581952361389
5585972667944
5562962361774
5521925997268
5511920373767
5541985474843
5562971174914
5567977148100
5521988275373
5562943374162
5567915288126
5562980371178
5581942380383
5511934034648
5561931486542
5551924945927
5531918851950
5521908002616
5581908025418
5567908188302
5521985039304
5585937142374
5561906353411
5511987602220
5551922851058
5562938508658
5581930831646
5511919122379
5581945881683
5581962191083
5541999713697
5531912872977
5521967138333
5581948025348
5541918791843
5531904439163
5581970480184
5561961578973
5562963664744
5581953165829
5511945144366
5541999836408
5561901599972
5511918342211
5561982171313
5567988533564
5562955518598
5531978460240
5581943227365
5562925252637
5562951204946
5551916254136
5581950746017
5541929719086
5567953409545
5511910672230
5551951575862
5562984964814
5585904635267
5551957324205
5567908369221
5581955368952
5521919751722
5521967658501
5562925488925
5567991538682
5551934239957
5551997084019
5531986483793
5567996392351
5511974555841
5551951467696
5551987303235
5567929988553
5567934136375
5521920976522
5521901466191
5511942260651
5585940211519
5531940723172
5561989149201
5551920548983
5551911566976
5561946769082
5581981361371
5567900687913
5511930959180
5531958979590
5531997612408
5561989196492
5567979957193
5581945987014
5567904634474
5521964184052
5581943063714
5541928400522
5541910029745
5551926834919
5551980501651
5531952239430
5585971778213
5521991645723
5562924091865
5585974716118
5511964217210
5521927952811
5567931263250
5561912579595
5511939459219
5567986801685
5551941134366
5562945956873
5581995117251
5581938390329
5531927443187
5521900416784
5541995318324
5585903413919
5531980015605
5581913420763
5567907573301
5585962612553
5567927862326
5561956245032
5531931682856
5561985587430
5541959067096
5562965434597
5567981210064
5581903953982
5561974702158
5551923430156
5561933398413
5585912394828
5562914389464
5581980571797
5567947027350
5541966430444
5521909066517
5581940001722
5541978837857
5511932800657
5581999015358
5551901298493
5581933545488
5567928268357
5511985024530
5541943213091
5581943039558
5581907895536
5531953821943
5511953297150
5531946928164
5561903981339
5581936768254
5531970010061
5531968064312
5585968814144
5531978541103
5585993182260
5567953516125
5567939153984
5567971588104
5541982031037
5551933181345
5541993590639
5567998180252
5511904935466
5562995271897
5521932679421
5551914917947
5551957822249
5585965626711
5562927950765
5531928964129
5511952776394
5531951856330
5551936529859
5551915437472
5531968273351
5562969936036
5551965482585
5531926773570
5521936474433
5541983724140
5585914578345
5581949679169
5585964343481
5531946621500
5561916034862
5561960697951
5562961235820
5581931092288
5562921669919
5541928299178
5521946793330
5561970542899
5581939726818
5551943601423
5541903408849
5567933406316
5561969222193
5521934978578
5561984867847
5521988752210
5585901783768
5541945527984
5521932577980
5511915816324
5581983038213
5551954365219
5567939210921
5521948139286
5581972334446
5511964736701
5561991294763
5567939728369
5561976333333
5585948542392
5562911029500
5541915622966
5511902735605
5562971681967
5511920058697
5521987063285
5511959759835
5561909994280
5581943097658
5531904528095
5521978188703
5521923469387
5561979174285
5521907751905
5551956815195
5562981168504
5561902740577
5511942462282
5561979884006
5541944915614
5562904023486
5521975273559
5521948470981
5541977773987
5567968364867
5551925009079
5511941409315
5531938258137
5511918773022
5541967369842
5581977090878
5531998508625
5551968113353
5585937439420
5585973057295
5567943868331
5521908478335
5562981469621
5521954066911
5541974004618
5551956613795
5531963677495
5541925494751
5521910919289
5561968751515
5511988715593
5531970881689
5551999618842
5562998419510
5531974274795
5567932609692
5581985969918
5562983680236
5521905393564
5561971910336
5561900802519
5567943377825
5521907030812
5585965556407
5562923108761
5581945099671
5562935284577
5551903637941
5561954946018
5585944198945
5561975896027
5511952559963
5521999180524
5551920020635
5521913918769
5581952878564
5562976484044
5531978804233
5521975348676
5551956711271
5531938471374
5567973924938
5511900008615
5531981645785
5585903444052
5551906089573
5581915138673
5521977092110
5581969911368
5551995291521
5541919770629
5561964321208
5541951906195
5561922278800
5561935937094
5581994149297
5581968232757
5511983493440
5567955154644
5511995202709
5567930274118
5531988891132
5511900956439
5531996387300
5551981148401
5581973387164
5511930438256
5521906717568
5561981983807
5585946323733
5585990506996
5562947811883
5551946117918
5541907819950
5541966218852
5561989354953
5531964964550
5585916355231
5551947740187
5511959441601
5551996059560
5561900980143
5585916752981
5585954449320
5585980763119
5521979247178
5581909138930
5521986061464
5581951899200
5531959270076
5585981046401
5585975278805
5561911763528
5562998845602
5511900591075
5531970838069
5561994002363
5531927460991
5562953616465
5511930852339
5541962319382
5585952542038
5531972778797
5561915116311
5567954628612
5511902860647
5521938484052
5567919465935
5562922479545
5581975039853
5531945737194
5541960765250
5567980207967
5511925327939
5521968512675
5585958257472
5521993264881
5531910267349
5562912946830
5551928586341
5581910299808
5551913780346
5567993399648
5511927705213
5562924228508
5585923438056
5551970996153
5541934413035
5581962825788
5541953029649
5531939647575
5531937325900
5541958464629
5561972222480
5551912471018
5521930804174
5521905134944
5551965370152
5541978606762
5561962080429
5561943032913
5562906501728
5521949220362
5581930481326
5551928057426
5562913648718
5562942585333
5541950592299
5561979170462
5521918802700
5585969842162
5581916441562
5541956290041
5521975410240
5511962228254
5581913104579
5567984595100
5551920574027
5561919227964
5531948279738
5531921982878
5511971056957
5585960611986
5585907379380
5581963594226
5541968560688
5521924389964
5562971350031
5531962305404
5562991596634
5511936286279
5561954646412
5521975306169
5531963432027
5541958399813
5551924409876
5562955326490
5531947441836
5562900397199
5521913646841
5551956429920
5531934224886
5531974272211
5585982029173
5551902010378
5531939756573
5585954893796
5562972059132
5531912271899
5567946116051
5567905198870
5551950580501
5511912872894
5561916510182
5521961084789
5562953419899
5541949982077
5567959352236
5511923448582
5581991581621
5521948368543
5521980882128
5581990196155
5561910906558
5541953996679
5581928852857
5567947172613
5551986800919
5541998088591
5541984683530
5521967220061
5541975829697
5511975021077
5531906508969
5511944264023
5521951145038
5567928037660
5562908950515
5561904829092
5531964615864
5561977746867
5551957736125
5521997147386
5541994606964
5531961241571
5567930063024
5531986460753
5521992203868
5585910057810
5567984886066
5551942727396
5561901552842
5511992990565
5531937730261
5541941014223
5511981501933
5562939336959
5541917013418
5521992431257
5567912569778
5511958416314
5551999559618
5581968120843
5561945370725
5541998947725
5531950769462
5521947620080
5585968047238
5567906758751
5521959004743
5562940829170
5562960080660
5585971809334
5567938225059
5541922694361
5585923701986
5511972055489
5521952649630
5567941415303
5511900953726
5562942289955
5562963466444
5567979379234
5581954900223
5561944593196
5581989225617
5551930959961
5581970465173
5531912245940
5541912335913
5541914101737
5511913207424
5531901197199
5585906142553
5585945233711
5581974695863
5511917457373
5567960325135
5567922849894
5567914798375
5531963075241
5585988024639
5521944061514
5531943472977
5551956035120
5541914973365
5561922863538
5585957573283
5567989086983
5562951677985
5567963738483
5585927090575
5531939843930
5531971678303
5567953999514
5567924431147
5531993413840
5567966327820
5551931906575
5511994663592
5585987232251
5541912026734
5511964007040
5551997047367
5561967440221
5521900232703
5585992018930
5585948394612
5511958084653
5585940621807
5531925763607
5521955425285
5562922427956
5511944144443
5585941710909
5531987404994
5531901268147
5562907832299
5511916148795
5561914276713
5585989937699
5581981881271
5567904950170
5567936392497
5531983721325
5511908813128
5541906018084
5581963054328
5585998935539
5541975696878
5567932401456
5567926442071
5551924608052
5581993661106
5562954592103
5561984795627
5562932583193
5511971283184
5511943304190
5551992939089
5551958115327
5521968808817
5562987889775
5562980885240
5581903103400
5567967049111
5521953970599
5562910883897
5531985363286
5562975884472
5541958326542
5567940766017
5541966024978
5531974512771
5567994364510
5521902719769
5561909753591
5531980142306
5541928508256
5561924455689
5551922663765
5551994464358
5521940653473
5567980834377
5511928372330
5561909343539
5531945851544
5531954657706
5585946515276
5581943282282
5567968504946
5551942154117
5562972260490
5531996275628
5585991030367
5562971549292
5585973884114
5531959833050
5521974679243
5581943383719
5561910871791
5585926358865
5585996273439
5562924924197
5561940428147
5561977778389
5561968513739
5561954163225
5581923295442
5551980239719
5562993059383
5581970071718
5581995324642
5511979522480
5567993044048
5567948220875
5531912426223
5531985439533
5521971613351
5531924179145
5521957443088
5521973580005
5581937346556
5567932823748
5567965309338
5511907135113
5551983072038
5511996082558
5551993634872
5561909724849
5567958197083
5521981921142
5541905148977
5551975415488
5562974589688
5551932723207
5567976713337
5562951114912
5562926209094
5551946648458
5541971081752
5561912075258
5541908319728
5561916638048
5511961027547
5551927946576
5562955443742
5562944133532
5551945637958
5581931653749
5567937905354
5521999133414
5521974443118
5511953869952
5581904165832
5561937852322
5561922780607
5521932667188
5581967556001
5541950188367
5585981605719
5585996278090
5561957041417
5567943362916
5562944495808
5561935897906
5531930505552
5585971282938
5562988966294
5562985876927
5562941195158
5541920233024
5531996451567
5551927104958
5541932616179
5521903788631
5567918314916
5531930882789
5551955291159
5561988726257
5561995997220
5561989143806
5562946945385
5521906935172
5511902903212
5585908001061
5531989151761
5567937783720
5551992921495
5531922178159
5551907226792
5531983693468
5561975443274
5551994573417
5581948746638
5551962009736
5585951205368
5581938066983
5561915142594
5511977122473
5562917634107
5561923917371
5581905230116
5581990314784
5551925447664
5561953238597
5567999080679
5521947002978
5581920243830
5562909065243
5551918896953
5541998679418
5521912986943
5585946975599
5511955705295
5585985500406
5551958191087
5521947736202
5551911018896
5561915377649
5531950190729
5585930619883
5541937520962
5585946104402
5585911375044
5585935544687
5521999759764
5567926661194
5541950385446
5581903362266
5541902880900
5531906537523
5561982285622
5581962888475
5585973015089
5561937022011
5567941622526
5551928463391
5551975404572
5551950705673
5567994418703
5531943460438
5521901190703
5585955728260
5531998267939
5551957065345
5551995400190
5551957951689
5521956470837
5581926543391
5567931629785
5561942461629
5511924326221
5567970275654
5585924000195
5551919236832
5562920864486
5531983406506
5521929026755
5585967625074
5567903207337
5551920688728
5567937030598
5531932423452
5567976781203
5585938235621
5521924600461
5585992281894
5551973571921
5511918429607
5531982507476
5541986752836
5521963377003
5551911281654
5567970726955
5585913642589
5551955270800
5521935510098
5541972469684
5567910587180
5541991856189
5551932143864
5562965994085
5567948495202
5585906777341
5567999773446
5585983901964
5531902505989
5551913500837
5585968916358
5585992773472
5585965803858
5521961149085
5567965567464
5541921446916
5551918187933
5531961464435
5567977777051
5581977676760
5521916256949
5541950766050
5562963826260
5561996013483
5551913945491
5567948537933
5511900748007
5531994529804
5541959856701
5521952755537
5531925781125
5561909261463
5567970339408
5521930983160
5521963939117
5585987856286
5531916164910
5541914456515
5581954491333
5551937925834
5567946191629
5551959133370
5511979226592
5551904060896
5511977456173
5521942010063
5541953100963
5562913582150
5585940984355
5521938629879
5567978971934
5585979526218
5585961366795
5531999207521
5531975363374
5585916610147
5511985639332
5567927606117
5581999030416
5581938978677
5531954550144
5585945354977
5562951640117
5511997091060
5541997241418
5561934716155
5521943358802
5531952049861
5541971420757
5562949236228
5541957666975
5521998347226
5531995219353
5567984402961
5521946823938
5521965360486
5521954121837
5541960875266
5585984368180
5567942363776
5581907501896
5585901147280
5541923243432
5551901074079
5521989482173
5561901152986
5551927191010
5561937971671
5561954235904
5581971640121
5581961164116
5521904884118
5585932474719
5511980459994
5562918229186
5567939621865
5562981489150
5511984755719
5531991134202
5562991869353
5551981091275
5561924816458
5511983454714
5561925704920
5567910118591
5562938586528
5561919638213
5581949300140
5561938846936
5531959563072
5561959632915
5585918433826
5561947803840
5521900397126
5541925395430
5581912709208
5521912196780
5531930217744
5521917182949
5567947754418
5561960513357
5561937407425
5531980243454
5585954453622
5581976869435
5585942328207
5531957419940
5561930467633
5585909395634
5531983059811
5551944701395
5567952281825
5585953769908
5521905174096
5561911060732
5551921617666
5567923008138
5531968103059
5581929706838
5511925640869
5541994535785
5562911310315
5561992338603
5585937646070
5585959343674
5585932226109
5581927725851
5521935177600
5521979936118
5562963806397
5562926230812
5521983080907
5581946654908
5541914682961
5585989444571
5521948791452
5511927514901
5581966595032
5511932899856
5511908907774
5531978641413
5567999929840
5521962806695
5567915424765
5521968595703
5511911199995
5521945596578
5585979877198
5561959959398
5561918338217
5541910383562
5562983659567
5561908445706
5567932424281
5562906813582
5511967359193
5521908333499
5561944766711
5551979719278
5581991327702
5561980478080
5511975922490
5581915332414
5511964179116
5541927920361
5541905954922
5511993910646
5562955277842
5511922576780
5531908394218
5562950592416
5521937767836
5511992710621
5521944764405
5541947225277
5567990914394
5561925852504
5511998369356
5541931362305
5541913857307
5562997492136
5551900428456
5551986783918
5562987329243
5531946401677
5585979224425
5562974203700
5561907610334
5541953899654
5567994573090
5521952868549
5561929481260
5541903784598
5581929205698
5521965192815
5531923068328
5561921291704
5561968975222
5511999417225
5567967929885
5581954908537
5562941076005
5581950694240
5561996151506
5531922919499
5541961439334
5511998425059
5562953690548
5567955273862
5567963145514
5511999564341
5511904502986
5541986826928
5581936343936
5521922967223
5531968567906
5531955359437
5581998700245
5521908275126
5551961456381
5531906957980
5541954068517
5562938629425
5551938447993
5531989861604
5585918115485
5531945301748
5562989923268
5561932287183
5581902201468
5541962697600
5551916890478
5511942108014
5521973301241
5567910903823
5521942263666
5585938201925
5561933324238
5551900674857
5562986108317
5541980850809
5567938842225
5562917534229
5561901149197
5531980962557
5521909415864
5567937234805
5551999641189
5551950499905
5585947081032
5551988998686
5585916518640
5521960415644
5521950258040
5561996453391
5531965719525
5551920909308
5511932694166
5551963921125
5531953107346
5521959628689
5531951574258
5531930833798
5531908680154
5585997589303
5531952793339
5581948629643
5561935553725
5585991360294
5541905036290
5585934673698
5531973789904
5511923337561
5541971320913
5585900552857
5531984548889
5531976719013
5541966494562
5521943451177
5562950732541
5567909108306
5511923824157
5541936383989
5581994154744
5567970809672
5521933881805
5511912440470
5562959004097
5581995286235
5541986143857
5511914495753
5521980165849
5562996586975
5531958831920
5541975578238
5581922836544
5541952149282
5585982335828
5567943536091
5581901139828
5562939153201
5511998713213
5531972689145
5567973761697
5585919716861
5551998713238
5511921933315
5567962867274
5562919584088
5531929564550
5585918954476
5551990777322
5581925822210
5585943435759
5561970524100
5561939968553
5585904474184
5581937315400
5521925728526
5581961024537
5541939859338
5551962268406
5521978372245
5561940053345
5531998704086
5562947948664
5511927200915
5511945486118
5561954514270
5551965293601
5581903869634
5531921275151
5561958989777
5511996747344
5541928250264
5551921543682
5521904939188
5581948870619
5561938663143
5585943749735
5581932476209
5585961186640
5585982766222
5541957210470
5531907405135
5511989967189
5541907350797
5585936964780
5551961977943
5567978106331
5567948290206
5562926388570
5521926377870
5585931927822
5585983764138
5511967819338
5567970791479
5551920578157
5567900834174
5551969013032
5511938972995
5585944638882
5561970292917
5511949992869
5521916094797
5521991393171
5581916723931
5581909602187
5561924957915
5562957362369
5541983183396
5567916875581
5567929387197
5581999752812
5531921290547
5562934441752
5562920728474
5551981396146
5567952507650
5585938053144
5567936816365
5521933259620
5561962708920
5531918899641
5541912198572
5561911608476
5521959887428
5585996371541
5561960442672
5551942676836
5511907656257
5585931588918
5541923028614
5521987582861
5541929812561
5561963571303
5531996470348
5581920134712
5561934887109
5551953467472
5511930862138
5551959461005
5551929110094
5521933781137
5511935819411
5541918605949
5585905009030
5561962271155
5551956314871
5521997099355
5511982817461
5567959416864
5562902216773
5581967525154
5581977242931
5585936156966
5562912065741
5511944930260
5521989252337
5541930672966
5521916791644
5567943596826
5585960027399
5541996897818
5531911072702
5581963926046
5562900197199
5511954052944
5562914553813
5511998112199
5567992589303
5551979521182
5521951093011
5562913418106
5581990384662
5581971556968
5521969305541
5585939130049
5567947918959
5551973638745
5567995376049
5581921216548
5585943207107
5567929966563
5585994519734
5551949599884
5521995023316
5567934400274
5551983772407
5562964049977
5521959777094
5562965451345
5531900655149
5541999875695
5561998025292
5567989749202
5585915764790
5562952962592
5561938095956
5511931083120
5581903542836
5562926470740
5511976961094
5521965518146
5551989843025
5531953638569
5531999477889
5581956492585
5581932388926
5541975900862
5541935327933
5562924230070
5541975172259
5562972909420
5531961490572
5551933301410
5562974337662
5581964515649
5521986858908
5531999274195
5581999545870
5562937685208
5541942744019
5531958187231
5511913008090
5567914796323
5541900539880
5521935405235
5511961824176
5562903253190
5561955228281
5562990643996
5567997376152
5581924636364
5541921567182
5585927084836
5561938368829
5531994235559
5551900726837
5567941040609
5567945496243
5531987152825
5581957567401
5521971456515
5511918569487
5567966951229
5585981756326
5562957214709
5511902042824
5531992702935
5551931761858
5521973413049
5551989218559
5581927743488
5561931496341
5551921852934
5567941098808
5567941537757
5567900415251
5567915682739
5511930485909
5562946236560
5581931720351
5511921477024
5551936370970
5551992056891
5581945256034
5511976081105
5531965081934
5521911330265
5561986196986
5531966368868
5531969163443
5551920575534
5541994157761
5562969849189
5521910062739
5531909681990
5531937969782
5541969922644
5531970836654
5551974890463
5551969183367
5567972680981
5561961811098
5581997342604
5585991601665
5551963281680
5567967545397
5541946365767
5561975198926
5562987935707
5562952051050
5541997701790
5521995043017
5561923839882
5581980912400
5585986073957
5521989802779
5567905596857
5562980137517
5585957719396
5562987366421
5585958605682
5561960086603
5581918118410
5581970784536
5521926121078
5567909599193
5581970023754
5551988912919
5585911821905
5585962552046
5585916065087
5585909266686
5521949799385
5561924936887
5521922686113
5541942698527
5551926210717
5581992116862
5562958657784
5585908015253
5521951569339
5511960972226
5562913312271
5531939657903
5567901364836
5541965917680
5561974041814
5531909125692
5581929316017
5551936954026
5531903699367
5585985251892
5551936079573
5561952936379
5562963862428
5581981410581
5511996178259
5585902472383
5531911644534
5581983451057
5562944337133
5551958086092
5567921055379
5511999275325
5581983559703
5581989892934
5561952774071
5531955160084
5511990029638
5511951483373
5511945170879
5531973541766
5581952729808
5585971211093
5562955004641
5567956163521
5551932865639
5581962975790
5541903150021
5567946927557
5551915986098
5581955659300
5581939629032
5551999661671
5561903231781
5521970544858
5562968650960
5511913031585
5551904332367
5561914200503
5541973131883
5581942154980
5581964500047
5562950892827
5531968320446
5521981728236
5567976676685
5531996198349
5541980590157
5521911330448
5521964104146
5511988423064
5562998560701
5551972122934
5551935134740
5567900889265
5561915052839
5551905716900
5541965384088
5511948932502
5585913008363
5567900544211
5581960391632
5541996775437
5581990398929
5562908222377
5585939462003
5521955815231
5521911670883
5551948018778
5511924965385
5561976941932
5567946012081
5531973056375
5581961743735
5541932780821
5541958035750
5585971709023
5551983409905
5511995072737
5521951226500
5531984057276
5561937665345
5521903637033
5585990409235
5541979089921
5567975389594
5585977566228
5561905873385
5562904986261
5567907102292
5541984971792
5585907008743
5562990398848
5551943204652
5551912724151
5585938735651
5581988360933
5521920486747
5511907423343
5561914850064
5541991042549
5511917060563
5585933113035
5511973911702
5561903993763
5561968537999
5581971556291
5561907029725
5581999885477
5541929416368
5511982438368
5561993959136
5567955664978
5531950549509
5581978051824
5562973096604
5521948828100
5521912936895
5541947902345
5567978224469
5551992583898
5585943211725
5567904674565
5511948103718
5567999445476
5567973498498
5521976609866
5567923489693
5531987462888
5551969764375
5581943788636
5511919662383
5562926927060
5585928464147
5521950338971
5511934940824
5531969447778
5561911225142
5551911863833
5581965891532
5541932618852
5551940562084
5581900520035
5562968965927
5531923790774
5551918107300
5562920545696
5531971237334
5541977737619
5561945717111
5551903083540
5561921690817
5541929202785
5541975688038
5551900458963
5541983083528
5551918608802
5531928163878
5561956730452
5562980028791
5562937676970
5541909539128
5581936057396
5541915077473
5585977256767
5561932705199
5585997695173
5581931261902
5531937356248
5561914700054
5531925216702
5567901804457
5567929418549
5551958643206
5567940141802
5581934462141
5551953516920
5531957290245
5531904003604
5531995340880
5585961275072
5511929048022
5562965699220
5585979796741
5585993520723
5551991574852
5551990904849
5561980342754
5562992804882
5541964223433
5562965117597
5562940801933
5581932319008
5567914392719
5521958347661
5581948912108
5521912879434
5521932825461
5581917743361
5561984923748
5521925510152
5521934928980
5541923362162
5511943587438
5581983538536
5562919909859
5521905043961
5511970855912
5562918674546
5551961221012
5581909355715
5567928768431
5562911225338
5511967921074
5561921843338
5531974172256
5581977826531
5551966747546
5521960533656
5585985007507
5561937979664
5567915016589
5561927523123
5531996950781
5551935907517
5562983617298
5521971354773
5581974329755
5511917020030
5521940143065
5531983475419
5562953010293
5511914443239
5562985057235
5531949313866
5585975710774